1	2.44949
1.25	2.73861
1.36111	2.85774
1.42361	2.92261
1.46361	2.96339
1.49139	2.99138
1.5118	3.01177
1.52742	3.0273
1.53977	3.03951
1.54977	3.04936
1.55803	3.05748
1.56498	3.06429
1.57089	3.07008
1.576	3.07506
1.58044	3.07939
1.58435	3.08319
1.58781	3.08656
1.59089	3.08956
1.59366	3.09225
1.59616	3.09467
1.59843	3.09687
1.6005	3.09887
1.60239	3.1007
1.60412	3.10238
1.60572	3.10392
1.6072	3.10535
1.60857	3.10668
1.60985	3.10791
1.61104	3.10906
1.61215	3.11013
1.61319	3.11113
1.61417	3.11207
1.61509	3.11296
1.61595	3.11379
1.61677	3.11458
1.61754	3.11532
1.61827	3.11603
1.61896	3.11669
1.61962	3.11732
1.62024	3.11793
1.62084	3.1185
1.62141	3.11904
1.62195	3.11956
1.62246	3.12006
1.62296	3.12054
1.62343	3.12099
1.62388	3.12142
1.62432	3.12184
1.62473	3.12224
1.62513	3.12263
1.62552	3.123
1.62589	3.12335
1.62624	3.12369
1.62659	3.12402
1.62692	3.12434
1.62724	3.12465
1.62754	3.12494
1.62784	3.12523
1.62813	3.1255
1.62841	3.12577
1.62867	3.12603
1.62893	3.12628
1.62919	3.12652
1.62943	3.12675
1.62967	3.12698
1.6299	3.1272
1.63012	3.12741
1.63034	3.12762
1.63055	3.12782
1.63075	3.12802
1.63095	3.12821
1.63114	3.12839
1.63133	3.12857
1.63151	3.12875
1.63169	3.12892
1.63186	3.12909
1.63203	3.12925
1.6322	3.1294
1.63236	3.12956
1.63251	3.12971
1.63266	3.12985
1.63281	3.13
1.63296	3.13014
1.6331	3.13027
1.63324	3.1304
1.63337	3.13053
1.63351	3.13066
1.63363	3.13078
1.63376	3.1309
1.63388	3.13102
1.63401	3.13114
1.63412	3.13125
1.63424	3.13136
1.63435	3.13147
1.63446	3.13158
1.63457	3.13168
1.63468	3.13178
1.63478	3.13188
1.63488	3.13198
1.63498	3.13208
1.63508	3.13217
1.63518	3.13226
1.63527	3.13235
1.63536	3.13244
1.63546	3.13253
1.63554	3.13261
1.63563	3.1327
1.63572	3.13278
1.6358	3.13286
1.63588	3.13294
1.63597	3.13302
1.63605	3.13309
1.63612	3.13317
1.6362	3.13324
1.63628	3.13331
1.63635	3.13339
1.63642	3.13346
1.6365	3.13352
1.63657	3.13359
1.63664	3.13366
1.6367	3.13372
1.63677	3.13379
1.63684	3.13385
1.6369	3.13391
1.63697	3.13397
1.63703	3.13403
1.63709	3.13409
1.63715	3.13415
1.63721	3.13421
1.63727	3.13427
1.63733	3.13432
1.63739	3.13438
1.63744	3.13443
1.6375	3.13448
1.63755	3.13454
1.63761	3.13459
1.63766	3.13464
1.63771	3.13469
1.63777	3.13474
1.63782	3.13479
1.63787	3.13484
1.63792	3.13488
1.63797	3.13493
1.63801	3.13498
1.63806	3.13502
1.63811	3.13507
1.63815	3.13511
1.6382	3.13516
1.63825	3.1352
1.63829	3.13524
1.63833	3.13528
1.63838	3.13532
1.63842	3.13537
1.63846	3.13541
1.6385	3.13545
1.63854	3.13548
1.63858	3.13552
1.63862	3.13556
1.63866	3.1356
1.6387	3.13564
1.63874	3.13567
1.63878	3.13571
1.63882	3.13575
1.63886	3.13578
1.63889	3.13582
1.63893	3.13585
1.63896	3.13589
1.639	3.13592
1.63903	3.13595
1.63907	3.13599
1.6391	3.13602
1.63914	3.13605
1.63917	3.13608
1.6392	3.13612
1.63924	3.13615
1.63927	3.13618
1.6393	3.13621
1.63933	3.13624
1.63936	3.13627
1.63939	3.1363
1.63942	3.13633
1.63945	3.13636
1.63948	3.13638
1.63951	3.13641
1.63954	3.13644
1.63957	3.13647
1.6396	3.1365
1.63963	3.13652
1.63966	3.13655
1.63968	3.13658
1.63971	3.1366
1.63974	3.13663
1.63977	3.13665
1.63979	3.13668
1.63982	3.1367
1.63985	3.13673
1.63987	3.13675
1.6399	3.13678
1.63992	3.1368
1.63995	3.13683
1.63997	3.13685
1.64	3.13687
1.64002	3.1369
1.64004	3.13692
1.64007	3.13694
1.64009	3.13696
1.64011	3.13699
1.64014	3.13701
1.64016	3.13703
1.64018	3.13705
1.64021	3.13707
1.64023	3.1371
1.64025	3.13712
1.64027	3.13714
1.64029	3.13716
1.64032	3.13718
1.64034	3.1372
1.64036	3.13722
1.64038	3.13724
1.6404	3.13726
1.64042	3.13728
1.64044	3.1373
1.64046	3.13732
1.64048	3.13734
1.6405	3.13736
1.64052	3.13737
1.64054	3.13739
1.64056	3.13741
1.64058	3.13743
1.6406	3.13745
1.64061	3.13746
1.64063	3.13748
1.64065	3.1375
1.64067	3.13752
1.64069	3.13754
1.64071	3.13755
1.64072	3.13757
1.64074	3.13759
1.64076	3.1376
1.64078	3.13762
1.64079	3.13764
1.64081	3.13765
1.64083	3.13767
1.64084	3.13768
1.64086	3.1377
1.64088	3.13772
1.64089	3.13773
1.64091	3.13775
1.64093	3.13776
1.64094	3.13778
1.64096	3.13779
1.64097	3.13781
1.64099	3.13782
1.641	3.13784
1.64102	3.13785
1.64104	3.13787
1.64105	3.13788
1.64107	3.1379
1.64108	3.13791
1.6411	3.13792
1.64111	3.13794
1.64112	3.13795
1.64114	3.13797
1.64115	3.13798
1.64117	3.13799
1.64118	3.13801
1.6412	3.13802
1.64121	3.13803
1.64122	3.13805
1.64124	3.13806
1.64125	3.13807
1.64126	3.13809
1.64128	3.1381
1.64129	3.13811
1.6413	3.13812
1.64132	3.13814
1.64133	3.13815
1.64134	3.13816
1.64136	3.13817
1.64137	3.13819
1.64138	3.1382
1.64139	3.13821
1.64141	3.13822
1.64142	3.13823
1.64143	3.13825
1.64144	3.13826
1.64146	3.13827
1.64147	3.13828
1.64148	3.13829
1.64149	3.1383
1.6415	3.13832
1.64152	3.13833
1.64153	3.13834
1.64154	3.13835
1.64155	3.13836
1.64156	3.13837
1.64157	3.13838
1.64158	3.13839
1.6416	3.1384
1.64161	3.13841
1.64162	3.13842
1.64163	3.13843
1.64164	3.13844
1.64165	3.13846
1.64166	3.13847
1.64167	3.13848
1.64168	3.13849
1.64169	3.1385
1.6417	3.13851
1.64171	3.13852
1.64172	3.13853
1.64173	3.13854
1.64174	3.13855
1.64175	3.13855
1.64176	3.13856
1.64177	3.13857
1.64178	3.13858
1.64179	3.13859
1.6418	3.1386
1.64181	3.13861
1.64182	3.13862
1.64183	3.13863
1.64184	3.13864
1.64185	3.13865
1.64186	3.13866
1.64187	3.13867
1.64188	3.13868
1.64189	3.13868
1.6419	3.13869
1.64191	3.1387
1.64192	3.13871
1.64193	3.13872
1.64194	3.13873
1.64194	3.13874
1.64195	3.13875
1.64196	3.13875
1.64197	3.13876
1.64198	3.13877
1.64199	3.13878
1.642	3.13879
1.64201	3.1388
1.64201	3.1388
1.64202	3.13881
1.64203	3.13882
1.64204	3.13883
1.64205	3.13884
1.64206	3.13884
1.64206	3.13885
1.64207	3.13886
1.64208	3.13887
1.64209	3.13887
1.6421	3.13888
1.64211	3.13889
1.64211	3.1389
1.64212	3.13891
1.64213	3.13891
1.64214	3.13892
1.64214	3.13893
1.64215	3.13894
1.64216	3.13894
1.64217	3.13895
1.64218	3.13896
1.64218	3.13896
1.64219	3.13897
1.6422	3.13898
1.64221	3.13899
1.64221	3.13899
1.64222	3.139
1.64223	3.13901
1.64224	3.13901
1.64224	3.13902
1.64225	3.13903
1.64226	3.13903
1.64226	3.13904
1.64227	3.13905
1.64228	3.13906
1.64229	3.13906
1.64229	3.13907
1.6423	3.13908
1.64231	3.13908
1.64231	3.13909
1.64232	3.1391
1.64233	3.1391
1.64233	3.13911
1.64234	3.13911
1.64235	3.13912
1.64235	3.13913
1.64236	3.13913
1.64237	3.13914
1.64237	3.13915
1.64238	3.13915
1.64239	3.13916
1.64239	3.13916
1.6424	3.13917
1.64241	3.13918
1.64241	3.13918
1.64242	3.13919
1.64242	3.1392
1.64243	3.1392
1.64244	3.13921
1.64244	3.13921
1.64245	3.13922
1.64246	3.13923
1.64246	3.13923
1.64247	3.13924
1.64247	3.13924
1.64248	3.13925
1.64249	3.13925
1.64249	3.13926
1.6425	3.13927
1.6425	3.13927
1.64251	3.13928
1.64252	3.13928
1.64252	3.13929
1.64253	3.13929
1.64253	3.1393
1.64254	3.1393
1.64254	3.13931
1.64255	3.13932
1.64256	3.13932
1.64256	3.13933
1.64257	3.13933
1.64257	3.13934
1.64258	3.13934
1.64258	3.13935
1.64259	3.13935
1.64259	3.13936
1.6426	3.13936
1.64261	3.13937
1.64261	3.13937
1.64262	3.13938
1.64262	3.13938
1.64263	3.13939
1.64263	3.13939
1.64264	3.1394
1.64264	3.1394
1.64265	3.13941
1.64265	3.13941
1.64266	3.13942
1.64266	3.13942
1.64267	3.13943
1.64267	3.13943
1.64268	3.13944
1.64268	3.13944
1.64269	3.13945
1.64269	3.13945
1.6427	3.13946
1.6427	3.13946
1.64271	3.13947
1.64271	3.13947
1.64272	3.13948
1.64272	3.13948
1.64273	3.13949
1.64273	3.13949
1.64274	3.1395
1.64274	3.1395
1.64275	3.1395
1.64275	3.13951
1.64276	3.13951
1.64276	3.13952
1.64277	3.13952
1.64277	3.13953
1.64278	3.13953
1.64278	3.13954
1.64279	3.13954
1.64279	3.13954
1.6428	3.13955
1.6428	3.13955
1.6428	3.13956
1.64281	3.13956
1.64281	3.13957
1.64282	3.13957
1.64282	3.13958
1.64283	3.13958
1.64283	3.13958
1.64284	3.13959
1.64284	3.13959
1.64284	3.1396
1.64285	3.1396
1.64285	3.1396
1.64286	3.13961
1.64286	3.13961
1.64287	3.13962
1.64287	3.13962
1.64287	3.13963
1.64288	3.13963
1.64288	3.13963
1.64289	3.13964
1.64289	3.13964
1.6429	3.13965
1.6429	3.13965
1.6429	3.13965
1.64291	3.13966
1.64291	3.13966
1.64292	3.13966
1.64292	3.13967
1.64292	3.13967
1.64293	3.13968
1.64293	3.13968
1.64294	3.13968
