0	0
0.0625	0
0.0625	-0.0625
0.0625038	-0.0624962
0.0625076	-0.0625
0.0625076	-0.0625
0.0625076	-0.0625
0.0625076	-0.0625
0.0625076	-0.0625
0.0625076	-0.0625
0.0625076	-0.0625
0.0625076	-0.0625
0.0625076	-0.0625
0.0625076	-0.0625
0.0625076	-0.0625
0.0625076	-0.0625
0.0625076	-0.0625
0.0625076	-0.0625
0.0625076	-0.0625
0.0625076	-0.0625
0.0625076	-0.0625
0.0625076	-0.0625
0.0625076	-0.0625
0.0625076	-0.0625
0.0625076	-0.0625
0.0625076	-0.0625
0.0625076	-0.0625
0.0625076	-0.0625
0.0625076	-0.0625
0.0625076	-0.0625
0.0625076	-0.0625
0.0625076	-0.0625
0.0625076	-0.0625
0.0625076	-0.0625
0.0625076	-0.0625
0.0625076	-0.0625
0.0625076	-0.0625
0.0625076	-0.0625
0.0625076	-0.0625
0.0625076	-0.0625
0.0625076	-0.0625
0.0625076	-0.0625
0.0625076	-0.0625
0.0625076	-0.0625
0.0625076	-0.0625
0.0625076	-0.0625
0.0625076	-0.0625
0.0625076	-0.0625
0.0625076	-0.0625
0.0625076	-0.0625
0.0625076	-0.0625
0.0625076	-0.0625
0.0625076	-0.0625
0.0625076	-0.0625
0.0625076	-0.0625
0.0625076	-0.0625
0.0625076	-0.0625
0.0625076	-0.0625
0.0625076	-0.0625
0.0625076	-0.0625
0.0625076	-0.0625
0.0625076	-0.0625
0.0625076	-0.0625
0.0625076	-0.0625
0.0625076	-0.0625
0.0625076	-0.0625
0.0625076	-0.0625
0.0625076	-0.0625
0.0625076	-0.0625
0.0625076	-0.0625
0.0625076	-0.0625
0.0625076	-0.0625
0.0625076	-0.0625
0.0625076	-0.0625
0.0625076	-0.0625
0.0625076	-0.0625
0.0625076	-0.0625
0.0625076	-0.0625
0.0625076	-0.0625
0.0625076	-0.0625
0.0625076	-0.0625
0.0625076	-0.0625
0.0625076	-0.0625
0.0625076	-0.0625
0.0625076	-0.0625
0.0625076	-0.0625
0.0625076	-0.0625
0.0625076	-0.0625
0.0625076	-0.0625
0.0625076	-0.0625
0.0625076	-0.0625
0.0625076	-0.0625
0.0625076	-0.0625
0.0625075	-0.0625
0.0625075	-0.0625
0.0625075	-0.0625
0.0625076	-0.0624999
0.0625076	-0.0624999
0.0625077	-0.0624999
0.0625079	-0.0625
0.0625079	-0.0625002
0.0625078	-0.0625002
0.0625079	-0.0625002
0.0625079	-0.0625002
0.0625079	-0.0625001
0.0625079	-0.0625001
0.0625079	-0.0625001
0.0625079	-0.0625002
0.062508	-0.0625002
0.062508	-0.0625004
0.062508	-0.0625005
0.0625079	-0.0625005
0.0625076	-0.0625005
0.0625072	-0.0625005
0.0625067	-0.0625
0.0625067	-0.062499
0.0625062	-0.062499
0.0625062	-0.0624986
0.0625062	-0.0624981
0.0625067	-0.0624981
0.0625076	-0.0624981
0.0625095	-0.0624981
0.0625114	-0.0625
0.0625134	-0.0625019
0.0625114	-0.0625038
0.0625076	-0.0625076
0.0625	-0.0625153
0.0624847	-0.0625153
0.0624695	-0.0625
0.0624695	-0.0624695
0.0625	-0.062439
0.062561	-0.062439
0.062561	-0.0624394
0.0625606	-0.0624394
0.0625605	-0.0624395
0.0625605	-0.0624394
0.0625605	-0.0624394
0.0625605	-0.0624394
0.0625605	-0.0624394
0.0625605	-0.0624394
0.0625605	-0.0624394
0.0625605	-0.0624394
0.0625605	-0.0624394
0.0625605	-0.0624394
0.0625605	-0.0624394
0.0625605	-0.0624394
0.0625605	-0.0624394
0.0625605	-0.0624394
0.0625606	-0.0624394
0.0625606	-0.0624394
0.0625607	-0.0624394
0.0625607	-0.0624394
0.0625607	-0.0624394
0.0625608	-0.0624395
0.0625607	-0.0624395
0.0625607	-0.0624396
0.0625606	-0.0624397
0.0625603	-0.0624397
0.0625601	-0.0624397
0.0625601	-0.0624394
0.0625601	-0.062439
0.0625601	-0.062438
0.062561	-0.0624371
0.0625629	-0.0624371
0.0625648	-0.062439
0.0625644	-0.062439
0.0625644	-0.0624385
0.0625641	-0.0624385
0.0625641	-0.0624382
0.0625641	-0.062438
0.0625644	-0.062438
0.0625648	-0.062438
0.0625658	-0.062438
0.0625668	-0.062439
0.0625677	-0.0624399
0.0625668	-0.0624409
0.0625648	-0.0624428
0.062561	-0.0624466
0.0625534	-0.0624466
0.0625458	-0.062439
0.062542	-0.0624428
0.0625381	-0.062439
0.0625343	-0.0624352
0.0625381	-0.0624313
0.0625458	-0.0624237
0.062561	-0.0624084
0.0625916	-0.0624084
0.0626221	-0.0624084
0.0626221	-0.062439
0.0626221	-0.0625
0.0626221	-0.0626221
0.0625	-0.0627441
0.0622559	-0.0627441
0.0620117	-0.0625
0.0620117	-0.0620117
0.0619965	-0.0619965
0.0620117	-0.0619812
0.0620117	-0.061985
0.0620079	-0.061985
0.0620079	-0.0619869
0.062006	-0.0619869
0.0620041	-0.0619869
0.0620041	-0.061985
0.0620041	-0.0619812
0.0620041	-0.0619736
0.0620117	-0.0619659
0.0620193	-0.0619583
0.062027	-0.0619659
0.0620422	-0.0619812
0.0620728	-0.0620117
0.0620728	-0.0620728
0.0620117	-0.0621338
0.0620422	-0.0621643
0.0620117	-0.0621948
0.0619812	-0.0622253
0.0619507	-0.0621948
0.0618896	-0.0621338
0.0617676	-0.0620117
0.0617676	-0.0617676
0.0617676	-0.0615234
0.0620117	-0.0615234
0.0625	-0.0615234
0.0634766	-0.0615234
0.0644531	-0.0625
0.0644531	-0.0644531
0.0625	-0.0664062
0.0625	-0.065918
0.0629883	-0.065918
0.0629883	-0.0656738
0.0632324	-0.0656738
0.0634766	-0.0656738
0.0634766	-0.065918
0.0634766	-0.0664062
0.0634766	-0.0673828
0.0625	-0.0683594
0.0615234	-0.0693359
0.0605469	-0.0683594
0.0585938	-0.0664062
0.0546875	-0.0625
0.0546875	-0.0546875
0.0625	-0.046875
0.0585938	-0.0429688
0.0625	-0.0390625
0.0664062	-0.0351562
0.0703125	-0.0390625
0.078125	-0.046875
0.09375	-0.0625
0.09375	-0.09375
0.09375	-0.125
0.0625	-0.125
0	-0.125
-0.125	-0.125
-0.25	0
-0.25	0.25
0	0.5
0.5	0.5
1	0
